1031
0.0
8.28
8.27
7.18335576176
11.3547743262
19.1864431305
20.3437066436
24.2371244169
28.8530726267
30.0556234339
33.3813855315
36.9554610308
38.6873700321
43.8919195297
47.5286923868
53.3664323334
55.7679128173
57.8075609242
65.679931486
70.8728692801
74.6196200741
77.0422001243
79.5254908819
84.7589582286
91.1058801615
90.8111144079
95.6730975771
98.2737172391
102.637314852
105.391187962
107.862986237
108.475022932
111.065884051
112.376832132
114.136074928
116.047997828
118.462323124
119.800191152
124.200832928
125.010055996
131.899047002
133.169972591
136.863146975
140.532681608
142.21950921
144.991222493
148.790033604
150.076968919
154.396101311
163.40955327
165.144097382
166.824413681
173.16644854
175.690850359
177.286917171
185.484009014
187.126330323
190.834771203
195.629036955
199.621149932
202.232201689
206.525437901
210.793618025
213.091866339
216.159870004
217.710210601
217.833369804
220.939510953
222.238401272
225.481599693
230.151092328
235.429805675
239.586926814
241.489100789
244.483767355
248.499642857
252.214090606
253.976965294
257.188222709
259.168491526
261.354565868
264.248474925
266.599483308
127.534806622
129.946989577
132.937119346
136.338238583
140.333027118
143.607096621
146.324008966
148.039109697
152.310933619
159.082806425
161.296641317
168.340610965
169.837662784
172.858747537
173.889524124
179.980243638
184.325849788
187.424471455
189.252297212
192.617189264
195.50509891
197.498187333
201.655040602
202.354471905
213.530060881
217.072391151
219.829317881
222.431190484
223.912648593
225.632238388
228.294515484
238.472264635
239.899697791
242.183871263
242.124058078
244.048714399
244.673350613
246.685998387
247.507823109
248.668544452
250.542221991
138.345163269
141.492665534
147.514025435
149.252348055
153.688507052
155.576212513
160.926975675
164.182240513
166.889451135
172.000721219
175.086633984
175.167079955
176.232676312
180.119373195
182.096247627
188.160267325
191.102649641
192.611586619
197.338915067
199.128936119
204.159672316
205.441861606
207.451231377
212.671147314
216.428424196
219.741366156
223.838557
226.828639506
229.472802092
238.88247173
240.908753473
243.931499606
250.980066738
254.197722649
259.448013097
262.135821474
263.867030529
265.793431634
269.847727617
268.614068693
275.603832158
287.854049824
289.002007432
298.785575957
306.347457799
305.762699164
306.449778593
314.047460904
276.815455313
283.547236629
293.621512495
297.133596047
302.020812031
307.887668639
316.431350691
320.202084316
322.057936558
325.578040568
105.800342627
107.577498112
106.344822629
108.823569598
111.971369555
114.258870115
117.29987468
119.780722155
123.489382135
126.04404746
128.326815202
128.395019374
131.4194548
134.296333904
136.238767243
138.290928481
140.535283114
143.18071588
143.565953137
145.169063164
146.458727633
148.401392177
149.662173244
150.358521208
152.462810547
154.118318509
154.593676455
157.920219098
160.276860775
164.4997231
164.332087554
166.117898193
167.639628072
169.350369648
170.368106464
173.411251365
174.863686625
177.868440427
178.405985886
41.6353167395
47.5366647968
53.3732423598
56.7875981179
59.6634988917
63.8837029296
66.8906435909
69.4210782112
73.6237088172
73.7421311056
76.5531050971
81.6771075639
83.2360072324
86.9064957296
89.867663261
91.7208951112
95.8318350028
98.5655492553
105.658649433
108.335359417
111.971297215
114.378991952
114.926700553
119.027849682
122.873184219
125.223658308
126.049550971
114.408628171
117.413289708
121.222141129
123.080299398
124.582728739
125.993326014
127.014615694
127.486285537
30.1875222567
28.8450429017
29.7536754032
33.4351491697
35.3114443205
39.272718266
40.4132156602
43.0207310491
49.1983343214
50.3351586865
52.0546923918
53.6141380608
55.5964944938
56.756811926
58.4183549922
59.9922611676
62.1593902801
64.0877843274
67.9530021412
71.4229521933
73.3831492919
78.8760153659
87.8627537697
91.2695776258
93.2259625855
96.0739428773
96.9996427828
30.17522328
33.7165137581
33.6139807223
36.239564015
38.0657982972
41.245579157
43.701947325
45.5937254455
50.1991175221
52.0540728474
57.7467973138
56.7639339722
59.1245989416
60.9291867663
61.4470845525
63.3039185201
64.9827861822
67.8703852943
72.7568361049
75.1596540705
77.3495061393
82.0422897048
84.1403101967
85.5365418988
86.7860847141
88.1855577745
90.0384673348
91.4278174299
93.7244455838
96.6012277355
24.1086063471
26.5363788034
25.7557100465
27.6377007003
28.8317793416
32.5445740485
34.3509024627
38.4277438838
39.0218784786
42.7175116316
47.7179735529
48.9883445321
51.4437216772
56.8071527186
59.5650652648
61.4265007957
63.2115511596
65.3114461637
66.9684328621
69.8320513804
72.1012884767
74.77072288
76.895168899
79.3082725824
84.307191271
85.8065207312
87.153977534
92.6242662589
96.4721296541
99.0349983592
101.486249808
102.700121714
105.973675033
109.519080073
109.804245364
111.068995674
112.191683738
113.856082402
116.426991286
117.328844706
117.284383018
117.90590528
28.0925915501
29.4673157922
35.4924921638
37.1527630197
42.7421174019
48.4561502804
52.0977638676
58.3433886572
64.3469268885
66.6673278301
70.7871972888
73.5832521706
76.6415363886
77.0851548614
42.0203700602
43.7130163681
47.3207248465
49.3834192822
50.2522138816
46.0547988813
46.7534758066
46.4175107045
45.979013691
37.2638511161
42.5503489997
8.01135444229
15.7123263714
19.4928294509
23.8180771684
26.5827349985
28.9558992262
31.6202166343
35.2161979776
36.762339425
38.628203427
41.6409618045
46.0487480829
48.6630003185
52.5176360854
57.6651974765
59.8259650988
64.1697592328
66.1708402546
74.6206519671
77.0910559014
76.3047265902
73.1223536273
70.8562241444
69.3886590157
69.7214120626
67.73419299
69.314253224
67.5638668224
64.8546636719
63.1672913777
61.4748607156
70.3070451662
74.1547368683
78.9471247102
82.1047751352
84.5197225504
88.9119125877
93.4368460512
95.4763834673
101.898000962
78.3244208405
81.9520219397
85.2910434923
85.4149219984
84.1585551207
85.3149465217
86.3058074523
87.6437773034
85.3939511909
86.5413785423
86.0931611686
88.2994133616
90.1595568978
91.4955474326
96.8328477326
102.492027007
104.180783257
105.686588553
105.955840802
107.690253969
108.615837243
91.7587739674
96.5864219236
98.6942961878
102.644332527
105.761176714
108.035983357
111.248854376
98.6738166891
94.0098446972
87.3181985614
81.9550547556
76.8303097742
72.5262662764
71.2840746591
69.3839873458
67.8662839708
64.7395520528
93.7326335915
100.872948306
95.6078579407
90.1181535541
86.9320522017
86.752910614
84.0081382962
86.8545341361
92.6399033894
94.1623873954
94.3683893049
90.3147479651
88.8542317507
87.342001351
84.1287233946
81.9076974405
80.7425947069
77.9045736783
70.6520551718
68.9789315661
66.1487611373
63.6011108394
66.2806200937
65.1122576786
63.4897960305
63.5791184274
69.9782580521
71.5294554712
76.5009196023
88.5178066832
91.7061006695
95.4163895775
100.347116052
100.156416669
123.622392794
137.648115134
143.471212792
148.245076815
152.785086314
158.456173121
171.037203263
174.806339702
187.223912468
194.816306812
208.710630779
211.634811409
219.484620418
225.374563338
229.175541016
240.111741279
242.9069118
259.541614968
97.0959551166
98.2872250092
99.1703186442
97.6217911124
97.9063685365
100.024915896
104.162047791
107.624884669
110.892779296
113.810698091
116.285112977
118.115474854
120.389420632
128.845702295
131.928000819
135.166766256
146.369407664
133.423449963
134.302139223
134.920738954
96.7008753838
100.06379665
104.248047464
105.871403599
108.376278308
111.979039557
114.779935964
123.003515803
126.104254092
132.282263739
135.630395561
137.946337755
143.410965411
146.857570796
149.840826212
152.913815269
155.249511754
157.027277248
163.081541567
168.340591956
170.127005793
179.600624999
181.990182702
183.79346724
186.462675622
195.387623968
198.210586498
206.98735686
210.623042187
227.669195325
237.629072716
240.039467172
246.789692856
251.389056643
256.149155376
260.242504023
260.175547852
259.345586236
260.8837172
263.751852695
265.693019479
270.302110055
270.031849047
269.741643429
272.305370678
274.707287672
275.504082365
277.092032545
280.328551703
281.756492561
282.726184497
282.102631501
287.302534274
292.780241478
295.048500081
297.503359645
303.816777022
312.486827562
319.103373376
323.546365147
325.442011578
327.582962622
334.969895364
340.745480087
340.286444925
266.458975642
277.250452479
281.47612794
284.405221647
287.907517616
293.653434681
296.117906585
307.133283445
312.553151
318.43952283
320.413682136
324.420052709
331.603868192
344.111427012
351.949797841
356.765090501
365.657161013
373.911138374
380.925691573
388.444678429
391.871457751
410.163778264
422.715582632
429.448286293
439.258715793
443.841572861
457.308141301
461.990064395
469.669883322
475.452367856
479.70542315
493.310691857
501.061604795
506.968004316
508.889462555
523.093065238
529.592603895
534.711546631
542.495439336
563.769748922
571.862043591
579.632123161
587.519469209
595.319661778
620.213247279
634.15173752
638.921898279
654.878008334
659.17138917
669.412896425
684.421630941
703.543297459
718.45142174
740.558064908
757.616630889
773.793226515
779.403812282
782.515481444
792.97381615
803.955907933
812.092590965
825.98030261
834.195650013
836.997863139
840.587331216
844.311274412
846.354520576
851.875857975
861.550047124
865.954543726
885.404333059
897.486211928
573.666161718
573.468116115
574.477660662
573.911740776
576.799598561
584.365394167
590.377491949
595.445241227
604.56009908
614.597003816
533.792529828
541.087322805
549.723611463
556.6958517
562.520074486
567.460938656
579.352484503
585.29833111
155.534544716
148.839762496
145.649955029
141.964903409
141.015509785
142.412238238
154.026388324
151.181809091
148.048163109
146.613119126
150.36837899
145.699048041
14.1095251515
18.8208262305
22.7668069786
24.8422019958
26.3277762069
29.3465006432
31.4477550868
35.2899263247
37.4164696357
24.6613908772
28.3725659749
34.9286830556
36.0277254347
37.041336369
40.6702778451
46.0517904104
47.082635865
51.155438616
53.2444128524
54.5453013558
56.0835831594
60.4305568401
63.2130374211
65.3858723273
68.4485281069
71.1219726948
71.9122173208
78.3753245607
79.1297333497
79.7510614349
81.7437667348
82.4282124033
7.21673749003
12.1561424802
16.7214772075
19.6052850018
19.706245203
21.2564272633
22.6301237292
30.0982225389
32.3486182085
35.0733488564
36.1243006853
39.8323310892
44.7646445311
34.0890378274
37.9902053166
38.6330454404
41.2352397835
42.3794773446
31.0649480927
34.5444916014
35.0058895045
37.8283980628
40.6855809839
44.616192128
47.5469767703
49.134010624
50.2001444221
56.8614764142
58.9741935087
61.0202400847
61.9067766888
64.1982632164
65.8251281807
67.414267036
70.3531498939
72.2754467299
73.4651441161
74.6010113872
76.7552408634
78.873943733
17.89844686
18.1502782348
21.9086581059
24.6971111671
26.2863786019
30.1319199521
32.0271228805
32.9048826164
37.6960117254
40.8976686377
45.9227841055
51.5855192859
54.651612968
59.408878966
66.0974991963
66.2573807209
69.8304618344
71.2917905512
74.2766383192
76.1331655719
77.633380707
80.3697038691
82.3804066511
85.4132946326
88.8901361232
91.0543123636
95.764063197
100.993063623
29.6132149555
31.1700048123
34.7873727091
36.6941657488
41.303390902
42.0041676504
47.7006603728
50.5452055095
56.241531807
62.7723298914
67.5889976254
73.4821298004
73.2747180138
74.4087689725
74.9694837917
26.9711716468
30.602419839
35.4372078471
36.9317559832
41.7683767939
50.2659487128
53.5832072575
58.6827819722
64.4193790718
68.8244825625
71.5591622366
74.1165440371
75.8154252115
78.9873268316
81.6382661501
84.9512719151
86.2273419514
89.4046385821
91.219089011
92.9528972114
93.8142579782
94.9416594546
97.9635534268
101.608741258
105.156852844
105.773086842
108.806673049
108.852842866
108.961513389
109.439621253
12.821938231
14.3536929046
16.3499785933
15.4168122516
24.5834110733
29.9160625751
31.2797138734
33.5591611933
40.4392717541
41.235487144
46.0832702833
47.0473612438
53.7627882461
59.7023399876
62.0601788589
68.0182990084
69.8527214932
74.0805737019
79.4829377917
79.7726481947
84.0365158726
86.2883705953
90.6513540991
97.4858523069
106.030827593
111.462286896
114.30561666
117.999822457
117.540016165
19.5348611462
22.6026923175
25.2292488988
28.973748463
30.5147914953
33.8149508354
36.5908144211
40.0159630648
43.9718432636
45.9866687204
48.7246816306
50.8547864021
53.2615302071
56.060504814
61.5895396963
64.9489622704
73.3091740507
76.1377081347
84.8651783713
89.2694365391
90.7649480802
95.3940071493
96.6913822427
95.9132368341
97.792504314
98.0279475456
99.4448500426
100.576246699
103.127310156
103.718204284
105.28378935
106.159413148
107.677577053
108.310399316
110.670948763
110.787277699
111.043283903
111.175992912
7.97843969708
9.82036150047
12.0063441563
13.5071906776
14.9691549528
19.6229865209
22.1449452472
26.8245876017
30.7675705898
35.0689563574
39.4135560436
48.4940511816
54.2058050397
57.2042402275
59.0001177965
68.144709259
67.4931322432
74.2597663611
80.2007069794
86.8796731117
90.2521296148
90.9972027043
95.5162310814
96.1319166562
97.3872830507
100.276973429
100.911577136
103.255442472
104.253575958
105.49159303
106.064268253
109.146117201
111.26923609
114.909926899
24.9539596056
34.8600114745
35.300838517
41.1930224674
44.2885741473
49.677514028
51.3294009316
56.5180095191
65.0892932824
72.0507494756
75.6105144805
81.1746832455
82.8646927225
82.5211730406
89.0617358915
92.8927709782
93.3239545883
102.687903864
108.549590971
108.86671484
110.006055288
114.118118193
114.408493566
121.101215518
121.383964756
129.911074971
130.840485325
132.613127932
130.430430882
13.3973206276
14.1494346177
23.1267053425
26.7733318808
32.3633511862
35.8480975785
37.530346388
43.0570992985
47.6909310037
49.4755262731
51.6738241279
56.6183583301
57.8931438082
60.5280439135
64.1961727831
68.6538520405
75.0100759898
81.8780788734
83.9219899669
85.5916082335
87.2551534295
88.9216497823
92.1542212815
94.9849545981
53.2682841849
58.0791580517
62.6854018094
67.326952998
72.6139655989
78.8036096889
83.0831198259
83.8905387991
84.8973550825
27.4894015941
28.7129604883
31.6682822395
33.3209753759
33.9295166485
37.9105051404
39.9293100366
43.5598863635
46.2653434009
50.5642175852
52.5389655399
56.6610492314
60.3297613123
64.9869417653
67.6664798848
71.9996701381
76.3977120076
78.813048412
83.0156762305
86.931971679
92.5367521583
98.7879172774
100.55071407
102.305985162
103.592042648
104.631054664
1 2
1 3
1 4
1 698
1 843
1 910
1 730
1 381
4 5
5 6
6 356
6 7
7 8
7 314
8 9
9 10
10 11
10 257
11 12
12 13
13 222
13 14
14 15
15 16
16 17
17 18
18 19
19 20
20 21
21 22
22 23
23 24
24 25
25 26
26 27
27 28
28 29
29 30
29 183
30 31
31 32
32 33
33 34
34 35
35 36
36 37
37 38
38 39
39 40
39 84
40 41
41 42
42 43
43 44
44 45
45 46
46 47
47 48
48 49
49 50
50 51
51 52
52 53
53 54
54 55
55 56
56 57
57 58
58 59
59 60
60 61
61 62
62 63
63 64
64 65
65 66
66 67
67 68
68 69
69 70
70 71
71 72
72 73
73 74
74 75
75 76
76 77
77 78
78 79
79 80
80 81
81 82
82 83
84 85
85 86
86 87
87 88
87 125
88 89
89 90
90 91
91 92
92 93
93 94
94 95
95 96
96 97
97 98
98 99
99 100
100 101
101 102
102 103
103 104
104 105
105 106
106 107
107 108
108 109
109 110
110 111
111 112
112 113
113 114
114 115
115 116
116 117
117 118
118 119
119 120
120 121
121 122
122 123
123 124
125 126
126 127
127 128
128 129
129 130
130 131
131 132
132 133
133 134
134 135
135 136
136 137
137 138
138 139
139 140
140 141
141 142
142 143
143 144
144 145
145 146
146 147
147 148
148 149
149 150
150 151
151 152
152 153
153 154
154 155
155 156
156 157
157 158
158 159
159 160
160 161
161 162
162 163
163 164
164 165
164 173
165 166
166 167
167 168
168 169
169 170
170 171
171 172
173 174
174 175
175 176
176 177
177 178
178 179
179 180
180 181
181 182
183 184
184 185
185 186
186 187
187 188
188 189
189 190
190 191
191 192
192 193
193 194
194 195
195 196
196 197
197 198
198 199
199 200
200 201
201 202
202 203
203 204
204 205
205 206
206 207
207 208
208 209
209 210
210 211
211 212
212 213
213 214
214 215
215 216
216 217
217 218
218 219
219 220
220 221
222 223
223 224
224 225
225 226
226 227
227 228
228 229
229 230
230 231
231 232
232 233
233 234
234 235
235 236
236 237
237 238
238 239
239 240
240 241
241 242
242 243
242 249
243 244
244 245
245 246
246 247
247 248
249 250
250 251
251 252
252 253
253 254
254 255
255 256
257 258
258 259
259 284
259 260
260 261
261 262
262 263
263 264
264 265
265 266
266 267
267 268
268 269
269 270
270 271
271 272
272 273
273 274
274 275
275 276
276 277
277 278
278 279
279 280
280 281
281 282
282 283
284 285
285 286
286 287
287 288
288 289
289 290
290 291
291 292
292 293
293 294
294 295
295 296
296 297
297 298
298 299
299 300
300 301
301 302
302 303
303 304
304 305
305 306
306 307
307 308
308 309
309 310
310 311
311 312
312 313
314 315
315 316
316 317
317 318
318 319
319 320
320 321
321 322
322 323
323 324
324 325
325 326
326 327
327 328
328 329
329 330
330 331
331 332
332 333
333 334
334 335
335 336
336 337
337 338
338 339
339 340
340 341
341 342
342 343
343 344
344 345
345 346
346 347
347 348
348 349
349 350
350 351
351 352
352 353
353 354
354 355
356 357
357 358
358 379
358 359
359 360
359 370
360 361
361 362
362 363
363 364
364 365
365 366
366 367
367 368
368 369
370 371
371 372
371 375
372 373
373 374
375 376
376 377
377 378
379 380
381 382
382 383
383 384
384 385
385 386
386 387
387 388
388 389
389 390
390 391
391 392
392 393
393 394
394 395
395 396
396 397
397 398
398 399
399 400
399 421
400 401
401 402
402 403
403 404
404 405
405 406
406 407
407 408
407 412
408 409
409 410
410 411
412 413
413 414
414 415
415 416
416 417
417 418
418 419
419 420
421 422
422 466
422 423
423 424
424 425
425 426
426 427
427 428
428 429
429 430
430 431
431 432
432 433
433 434
434 442
434 435
435 436
436 437
437 438
438 439
439 440
440 441
442 443
442 459
443 444
444 449
444 445
445 446
446 447
447 448
449 450
450 451
451 452
452 453
453 454
454 455
455 456
456 457
457 458
459 460
460 461
461 462
462 463
463 464
464 465
466 467
467 468
468 531
468 469
469 470
469 511
470 471
471 472
472 473
473 474
473 475
475 476
476 477
477 478
478 479
479 480
480 481
481 482
482 483
483 484
484 485
485 486
486 487
487 488
488 489
489 490
490 491
491 492
492 493
493 494
494 495
495 496
496 497
497 498
498 499
499 500
500 501
501 502
502 503
503 504
504 505
505 506
506 507
507 508
508 509
509 510
511 512
512 513
513 514
514 515
515 516
516 517
517 518
518 519
519 520
520 521
521 522
522 523
523 524
524 525
525 528
525 526
526 527
528 529
529 530
531 532
532 533
533 534
534 535
535 536
536 537
537 538
538 539
539 540
540 541
541 542
542 543
543 544
544 545
545 546
546 547
547 548
548 549
548 686
549 550
550 551
551 552
552 553
553 554
554 555
555 556
556 557
557 558
558 559
559 560
560 561
561 562
562 563
563 564
564 565
565 566
566 596
566 567
567 568
568 569
569 570
570 571
571 572
572 573
573 574
574 575
575 576
576 577
577 578
578 579
579 580
580 581
581 582
582 583
583 584
584 585
585 586
586 587
587 588
588 589
589 590
590 591
591 592
592 593
593 594
594 595
596 597
597 598
598 599
599 600
600 601
601 602
602 603
603 604
604 605
605 606
606 607
607 608
608 609
609 610
610 611
611 612
612 613
613 614
614 615
615 616
616 617
617 618
618 619
619 620
620 621
621 622
622 623
623 624
624 625
625 626
626 627
627 628
628 629
629 630
630 631
631 632
632 633
632 678
633 634
634 635
635 636
636 668
636 637
637 638
638 639
639 640
640 641
641 642
642 643
643 644
644 645
645 646
646 647
647 648
648 649
649 650
650 651
651 652
652 653
653 654
654 655
655 656
656 657
657 658
658 659
659 660
660 661
661 662
662 663
663 664
664 665
665 666
666 667
668 669
669 670
670 671
671 672
672 673
673 674
674 675
675 676
676 677
678 679
679 680
680 681
681 682
682 683
683 684
684 685
686 687
687 688
688 689
689 690
690 691
691 692
692 693
693 694
694 695
695 696
696 697
698 699
699 700
700 701
700 707
701 702
702 703
703 704
704 705
705 706
707 708
708 709
709 710
710 711
711 712
712 713
713 714
714 715
715 716
716 717
717 718
718 719
719 720
720 721
721 722
722 723
723 724
724 725
725 726
726 727
727 728
728 729
730 731
731 732
732 770
732 733
733 734
734 735
735 736
736 737
737 738
737 748
738 739
738 743
739 740
740 741
741 742
743 744
744 745
745 746
746 747
748 749
749 750
750 751
751 752
752 753
753 754
754 755
755 756
756 757
757 758
758 759
759 760
760 761
761 762
762 763
763 764
764 765
765 766
766 767
767 768
768 769
770 771
771 772
772 773
772 813
773 774
774 798
774 775
775 776
776 777
777 778
778 779
779 780
780 781
781 782
782 783
783 784
784 785
785 786
786 787
787 788
788 789
789 790
790 791
791 792
792 793
793 794
794 795
795 796
796 797
798 799
799 800
800 801
801 802
802 803
803 804
804 805
805 806
806 807
807 808
808 809
809 810
810 811
811 812
813 814
814 815
815 816
816 817
817 818
818 819
819 820
820 821
821 822
822 823
823 824
824 825
825 826
826 827
827 828
828 829
829 830
830 831
831 832
832 833
833 834
834 835
835 836
836 837
837 838
838 839
839 840
840 841
841 842
843 844
844 845
845 872
845 846
846 847
847 848
848 849
849 850
850 851
851 852
852 853
853 854
854 855
855 856
856 857
857 858
858 859
859 860
860 861
861 862
862 863
863 864
864 865
865 866
866 867
867 868
868 869
869 870
870 871
872 873
873 874
874 875
875 876
876 877
877 878
878 879
879 880
880 881
881 882
882 883
883 884
884 885
885 886
886 887
887 888
888 889
889 890
890 891
891 892
892 893
893 894
894 895
895 896
896 897
897 898
898 899
899 900
900 901
901 902
902 903
903 904
904 905
905 906
906 907
907 908
908 909
910 911
911 912
912 913
912 973
913 914
914 915
915 916
916 917
917 944
917 918
918 919
919 920
920 921
921 922
922 923
923 924
924 925
925 926
926 927
927 928
928 929
929 930
930 931
931 932
932 933
933 934
934 935
935 936
936 937
937 938
938 939
939 940
940 941
941 942
942 943
944 945
945 946
946 947
947 948
948 949
949 950
950 951
951 952
952 953
953 954
954 955
955 956
956 957
957 958
958 959
959 960
960 961
961 962
962 963
963 964
964 965
965 966
966 967
967 968
968 969
969 970
970 971
971 972
973 974
974 975
975 976
975 1006
976 977
977 978
978 979
979 980
980 981
981 982
982 997
982 983
983 984
984 985
985 986
986 987
987 988
988 989
989 990
990 991
991 992
992 993
993 994
994 995
995 996
997 998
998 999
999 1000
1000 1001
1001 1002
1002 1003
1003 1004
1004 1005
1006 1007
1007 1008
1008 1009
1009 1010
1010 1011
1011 1012
1012 1013
1013 1014
1014 1015
1015 1016
1016 1017
1017 1018
1018 1019
1019 1020
1020 1021
1021 1022
1022 1023
1023 1024
1024 1025
1025 1026
1026 1027
1027 1028
1028 1029
1029 1030
1030 1031
